0	0.0072	-1.4726	1.3834	0.0092	0.0053
1	0.0060	1.6766	1.3834	0.0092	0.0053
2	0.0060	1.6766	1.3834	0.0092	0.0053
3	0.0072	-1.4803	1.3834	0.0092	0.0053
0	0.0068	-1.4726	1.3834	0.0092	0.0015
1	0.0065	1.6751	1.3834	0.0092	0.0015
2	0.0065	1.6766	1.3834	0.0092	0.0015
3	0.0068	-1.4803	1.3834	0.0092	0.0015
0	0.0740	-1.4726	2.2400	0.1660	0.0001
1	0.0740	1.6751	2.2400	0.1660	0.0001
2	0.0740	1.6751	2.2400	0.1660	0.0001
3	0.0740	-1.4726	2.2400	0.1660	0.0001
0	0.0740	-1.3744	2.2400	0.1660	0.0005
1	0.0739	1.7779	2.2400	0.1660	0.0005
2	0.0739	1.7641	2.2400	0.1660	0.0005
3	0.0740	-1.3821	2.2400	0.1660	0.0005
0	0.1107	-1.3744	2.2400	0.2470	0.0111
1	0.1092	1.7779	2.2400	0.2470	0.0111
2	0.1090	1.7641	2.2400	0.2470	0.0111
3	0.1105	-1.3821	2.2400	0.2470	0.0111
0	0.1106	-1.0170	2.2400	0.2470	0.0101
1	0.1092	2.1598	2.2400	0.2470	0.0101
2	0.1091	2.2381	2.2400	0.2470	0.0101
3	0.1104	-1.3821	2.2400	0.2470	0.0101
0	0.1247	-0.7915	2.2400	0.2797	0.0065
1	0.1238	2.3838	2.2400	0.2797	0.0065
2	0.1237	2.4666	2.2400	0.2797	0.0065
3	0.1246	-0.6980	2.2400	0.2797	0.0065
0	0.1277	-0.4479	2.2400	0.2871	0.0025
1	0.1273	2.5817	2.2400	0.2871	0.0025
2	0.1273	2.7535	2.2400	0.2871	0.0025
3	0.1276	-0.4771	2.2400	0.2871	0.0025
0	0.1279	-0.3022	2.2400	0.2871	0.0057
1	0.1271	2.7980	2.2400	0.2871	0.0057
2	0.1270	2.9483	2.2400	0.2871	0.0057
3	0.1278	-0.1565	2.2400	0.2871	0.0057
0	0.1304	0.0338	2.2400	0.2943	-0.0024
1	0.1308	3.0112	2.2400	0.2943	-0.0024
2	0.1308	-3.1385	2.2400	0.2943	-0.0024
3	0.1305	0.1519	2.2400	0.2943	-0.0024
0	0.1304	0.1549	2.2400	0.2943	-0.0028
1	0.1308	3.1232	2.2400	0.2943	-0.0028
2	0.1308	-3.0910	2.2400	0.2943	-0.0028
3	0.1305	0.2102	2.2400	0.2943	-0.0028
0	0.1297	0.1718	2.2400	0.2943	-0.0126
1	0.1314	-3.0986	2.2400	0.2943	-0.0126
2	0.1316	-3.0726	2.2400	0.2943	-0.0126
3	0.1299	0.1856	2.2400	0.2943	-0.0126
0	0.1289	0.1749	2.2400	0.2943	-0.0227
1	0.1320	-3.0664	2.2400	0.2943	-0.0227
2	0.1324	-3.0695	2.2400	0.2943	-0.0227
3	0.1293	0.1964	2.2400	0.2943	-0.0227
0	0.1289	0.1672	2.2400	0.2943	-0.0224
1	0.1319	-3.0526	2.2400	0.2943	-0.0224
2	0.1324	-3.0557	2.2400	0.2943	-0.0224
3	0.1293	0.1933	2.2400	0.2943	-0.0224
0	0.1299	0.1703	2.2400	0.2943	-0.0098
1	0.1312	-3.0557	2.2400	0.2943	-0.0098
2	0.1314	-3.0572	2.2400	0.2943	-0.0098
3	0.1301	0.1872	2.2400	0.2943	-0.0098
0	0.1304	0.1718	2.2400	0.2943	-0.0036
1	0.1308	-3.0511	2.2400	0.2943	-0.0036
2	0.1309	-3.0572	2.2400	0.2943	-0.0036
3	0.1304	0.1795	2.2400	0.2943	-0.0036
0	0.1295	0.1641	2.2400	0.2943	-0.0141
1	0.1315	-3.0419	2.2400	0.2943	-0.0141
2	0.1317	-3.0572	2.2400	0.2943	-0.0141
3	0.1298	0.1657	2.2400	0.2943	-0.0141
0	0.1292	0.1703	2.2400	0.2943	-0.0192
1	0.1318	-3.0495	2.2400	0.2943	-0.0192
2	0.1321	-3.0572	2.2400	0.2943	-0.0192
3	0.1295	0.1641	2.2400	0.2943	-0.0192
0	0.1302	0.1733	2.2400	0.2943	-0.0061
1	0.1310	-3.0511	2.2400	0.2943	-0.0061
2	0.1311	-3.0526	2.2400	0.2943	-0.0061
3	0.1303	0.1595	2.2400	0.2943	-0.0061
0	0.1298	0.1657	2.2400	0.2943	-0.0105
1	0.1312	-3.0542	2.2400	0.2943	-0.0105
2	0.1314	-3.0480	2.2400	0.2943	-0.0105
3	0.1300	0.1611	2.2400	0.2943	-0.0105
0	0.1306	0.1611	2.2400	0.2943	0.0001
1	0.1306	-3.0526	2.2400	0.2943	0.0001
2	0.1306	-3.0342	2.2400	0.2943	0.0001
3	0.1306	0.1595	2.2400	0.2943	0.0001
0	0.1298	0.1580	2.2400	0.2943	-0.0114
1	0.1313	-3.0542	2.2400	0.2943	-0.0114
2	0.1315	-3.0296	2.2400	0.2943	-0.0114
3	0.1300	0.1549	2.2400	0.2943	-0.0114
0	0.1299	0.1565	2.2400	0.2943	-0.0093
1	0.1312	-3.0542	2.2400	0.2943	-0.0093
2	0.1313	-3.0296	2.2400	0.2943	-0.0093
3	0.1301	0.1565	2.2400	0.2943	-0.0093
0	0.1294	0.1488	2.2400	0.2943	-0.0166
1	0.1316	-3.0419	2.2400	0.2943	-0.0166
2	0.1319	-3.0296	2.2400	0.2943	-0.0166
3	0.1297	0.1473	2.2400	0.2943	-0.0166
0	0.1299	0.1473	2.2400	0.2943	-0.0093
1	0.1312	-3.0357	2.2400	0.2943	-0.0093
2	0.1313	-3.0296	2.2400	0.2943	-0.0093
3	0.1301	0.1457	2.2400	0.2943	-0.0093
0	0.1300	0.1396	2.2400	0.2943	-0.0081
1	0.1311	-3.0357	2.2400	0.2943	-0.0081
2	0.1313	-3.0296	2.2400	0.2943	-0.0081
3	0.1302	0.1488	2.2400	0.2943	-0.0081
Warning at edu.wpi.first.wpilibj.DriverStation.reportJoystickUnpluggedWarning(DriverStation.java:1489): Joystick axis 1 on port 0 not available, check if controller is plugged in
0	0.1299	0.1381	2.2400	0.2943	-0.0094
1	0.1312	-3.0327	2.2400	0.2943	-0.0094
2	0.1314	-3.0296	2.2400	0.2943	-0.0094
3	0.1301	0.1442	2.2400	0.2943	-0.0094
0	0.0716	0.1381	2.2400	0.1619	-0.0075
1	0.0726	-3.0281	2.2400	0.1619	-0.0075
2	0.0727	-3.0265	2.2400	0.1619	-0.0075
3	0.0717	0.1427	2.2400	0.1619	-0.0075
0	-0.1663	0.1396	1.2907	-0.2153	-0.0103
1	-0.1639	-3.0296	1.2907	-0.2153	-0.0103
2	-0.1643	-3.0189	1.2907	-0.2153	-0.0103
3	-0.1667	0.1411	1.2907	-0.2153	-0.0103
0	-0.1661	0.1381	1.2907	-0.2153	-0.0085
1	-0.1642	-3.0296	1.2907	-0.2153	-0.0085
2	-0.1645	-3.0097	1.2907	-0.2153	-0.0085
3	-0.1665	0.1350	1.2907	-0.2153	-0.0085
0	-1.5497	0.0920	0.0014	-0.0688	-0.0003
1	-1.5496	-3.0388	0.0014	-0.0688	-0.0003
2	-1.5508	-3.0388	0.0014	-0.0688	-0.0003
3	-1.5508	0.0430	0.0014	-0.0688	-0.0003
0	-1.5145	0.0169	0.0022	-0.0500	-0.0042
1	-1.5130	-3.0986	0.0022	-0.0500	-0.0042
2	-1.5391	-3.0971	0.0022	-0.0500	-0.0042
3	-1.5400	-0.0184	0.0022	-0.0500	-0.0042
