0	-3.1122	2.4145
1	-0.0294	-0.7378
2	-0.0277	-0.7885
3	0.0277	-0.7608
0	-3.1400	2.4145
1	-0.0016	-0.7363
2	-0.0016	-0.7869
3	0.0016	-0.7608
0	-3.1400	2.4145
1	-0.0016	-0.7378
2	-0.0016	-0.7869
3	0.0016	-0.7608
0	-3.1400	2.5065
1	-0.0016	-0.6857
2	-0.0016	-0.6627
3	0.0016	-0.7010
0	3.1373	2.6354
1	0.0043	-0.5369
2	0.0043	-0.5568
3	-0.0043	-0.5476
0	-3.1402	2.6630
1	-0.0013	-0.4755
2	-0.0013	-0.4571
3	0.0013	-0.4464
0	-3.1356	2.8440
1	-0.0060	-0.3053
2	-0.0059	-0.2255
3	0.0059	-0.2439
0	-3.1354	3.0081
1	-0.0062	-0.1979
2	-0.0062	-0.1641
3	0.0062	-0.1135
0	3.1405	3.0450
1	0.0011	-0.1135
2	0.0011	-0.1012
3	-0.0011	-0.0460
0	3.1402	3.0971
1	0.0013	-0.0752
2	0.0013	-0.0537
3	-0.0013	-0.0107
0	-3.1386	3.1171
1	-0.0030	-0.0414
2	-0.0030	-0.0199
3	0.0030	0.0092
Warning at edu.wpi.first.wpilibj.DriverStation.reportJoystickUnpluggedWarning(DriverStation.java:1489): Joystick axis 3 on port 0 not available, check if controller is plugged in
0	3.1402	3.1247
1	0.0013	-0.0261
2	0.0013	-0.0169
3	-0.0013	0.0169
0	-3.1356	3.1247
1	-0.0060	-0.0215
2	-0.0059	-0.0153
3	0.0059	0.0245
0	-3.1384	3.1263
1	-0.0032	-0.0215
2	-0.0032	-0.0169
3	0.0032	0.0245
0	3.1389	3.1247
1	0.0027	-0.0215
2	0.0027	-0.0169
3	-0.0027	0.0230
0	-3.1386	3.1263
1	-0.0030	-0.0230
2	-0.0030	-0.0169
3	0.0030	0.0230
0	-3.1400	3.1232
1	-0.0016	-0.0215
2	-0.0016	-0.0169
3	0.0016	0.0245
0	3.1402	3.1232
1	0.0013	-0.0215
2	0.0013	-0.0153
3	-0.0013	0.0245
0	-3.1386	3.1186
1	-0.0030	-0.0215
2	-0.0030	-0.0169
3	0.0030	0.0230
0	3.1402	3.1186
1	0.0013	-0.0215
2	0.0013	-0.0169
3	-0.0013	0.0230
0	-3.1416	3.1201
1	-0.0000	-0.0215
2	-0.0000	-0.0169
3	0.0000	0.0230
0	-3.1386	3.1186
1	-0.0030	-0.0215
2	-0.0030	-0.0153
3	0.0030	0.0245
0	-3.1370	3.1186
1	-0.0046	-0.0215
2	-0.0046	-0.0169
3	0.0046	0.0230
0	-3.1413	3.1186
1	-0.0003	-0.0215
2	-0.0003	-0.0169
3	0.0003	0.0230
0	-3.1400	3.1186
1	-0.0016	-0.0215
2	-0.0016	-0.0169
3	0.0016	0.0230
0	-3.1400	3.1186
1	-0.0016	-0.0215
2	-0.0016	-0.0153
3	0.0016	0.0230
0	-3.1370	3.1186
1	-0.0046	-0.0215
2	-0.0046	-0.0169
3	0.0046	0.0245
0	-3.1384	3.1186
1	-0.0032	-0.0215
2	-0.0032	-0.0169
3	0.0032	0.0215
0	-3.1413	3.1186
1	-0.0003	-0.0215
2	-0.0003	-0.0169
3	0.0003	0.0230
0	-3.1400	3.1171
1	-0.0016	-0.0230
2	-0.0016	-0.0169
3	0.0016	0.0215
0	-3.1370	3.1186
1	-0.0046	-0.0215
2	-0.0046	-0.0169
3	0.0046	0.0230
0	-3.1413	3.1201
1	-0.0003	-0.0215
2	-0.0003	-0.0169
3	0.0003	0.0215
0	-3.1407	3.1171
1	-0.0009	-0.0215
2	-0.0009	-0.0169
3	0.0009	0.0230
0	-3.1407	3.1186
1	-0.0009	-0.0215
2	-0.0009	-0.0169
3	0.0009	0.0215
0	-3.1411	3.1171
1	-0.0005	-0.0199
2	-0.0005	-0.0153
3	0.0005	0.0230
0	-3.1404	3.1201
1	-0.0012	-0.0169
2	-0.0012	-0.0169
3	0.0012	0.0230
0	-3.1408	3.1186
1	-0.0008	-0.0061
2	-0.0008	-0.0153
3	0.0008	0.0215
0	-3.1415	3.1217
1	-0.0001	0.0031
2	-0.0001	-0.0092
3	0.0001	0.0215
0	3.1413	3.1217
1	0.0003	0.0092
2	0.0003	-0.0077
3	-0.0003	0.0199
0	3.0041	3.1232
1	0.1375	0.0123
2	0.1890	-0.0077
3	-0.1890	0.0199
0	2.9203	3.1232
1	0.2213	0.0123
2	0.3883	-0.0092
3	-0.3883	0.0169
0	2.9203	3.1278
1	0.2213	0.0123
2	0.3883	-0.0092
3	-0.3883	0.0153
0	2.8200	3.1002
1	0.3216	0.0506
2	0.7845	0.0337
3	-0.7845	-0.0291
0	2.8200	3.0787
1	0.3216	0.0782
2	0.7845	0.0951
3	-0.7845	-0.1043
0	2.8403	3.0388
1	0.2793	0.1227
2	0.6190	0.2086
3	-0.6575	-0.1779
0	2.7840	2.9483
1	0.3025	0.1918
2	0.7819	0.2961
3	-0.8716	-0.3022
0	2.7840	2.9069
1	0.3025	0.2270
2	0.7819	0.4280
3	-0.8716	-0.4356
0	2.7199	2.8593
1	0.3624	0.2516
2	1.1443	0.5476
3	-1.2041	-0.6044
0	2.7199	2.8271
1	0.3624	0.2623
2	1.1443	0.5998
3	-1.2041	-0.6489
0	2.7181	2.7965
1	0.3605	0.2869
2	1.1421	0.7026
3	-1.2058	-0.7808
0	2.7174	2.7750
1	0.3597	0.3053
2	1.1413	0.7655
3	-1.2064	-0.8468
0	2.7174	2.7443
1	0.3597	0.3390
2	1.1413	0.8912
3	-1.2064	-0.9419
0	2.7166	2.7182
1	0.3589	0.3574
2	1.1403	0.9986
3	-1.2071	-1.0431
0	2.7166	2.7105
1	0.3589	0.3574
2	1.1403	1.0324
3	-1.2071	-1.1075
0	2.7159	2.6875
1	0.3581	0.3835
2	1.1394	1.1121
3	-1.2077	-1.1459
0	2.7159	2.6783
1	0.3581	0.3850
2	1.1394	1.1459
3	-1.2077	-1.1689
0	2.7159	2.6661
1	0.3581	0.3942
2	1.1394	1.1597
3	-1.2077	-1.1766
0	2.7262	2.6630
1	0.3690	0.3958
2	1.1517	1.1582
3	-1.1984	-1.1858
0	2.7262	2.6584
1	0.3690	0.3958
2	1.1517	1.1582
3	-1.1984	-1.1858
0	2.7492	2.6584
1	0.3924	0.3927
2	1.1763	1.1582
3	-1.1763	-1.1858
0	2.8678	2.6584
1	0.5005	0.3866
2	1.2656	1.1582
3	-1.0205	-1.1858
Warning at edu.wpi.first.wpilibj.DriverStation.reportJoystickUnpluggedWarning(DriverStation.java:1489): Joystick axis 1 on port 0 not available, check if controller is plugged in
0	2.8678	2.6630
1	0.5005	0.3881
2	1.2656	1.1582
3	-1.0205	-1.1873
0	2.9016	2.6845
1	0.5278	0.3881
2	1.2835	1.1735
3	-0.9574	-1.1934
0	3.0868	2.7412
1	0.6705	0.4172
2	1.3813	1.2088
3	-0.3462	-1.1535
0	-3.0986	2.7872
1	0.8281	0.4479
2	1.6132	1.2349
3	-0.7501	-1.1091
0	-3.0986	2.8394
1	0.8281	0.4878
2	1.6132	1.2640
3	-0.7501	-0.9787
0	-2.8611	2.8824
1	1.0318	0.5170
2	1.7965	1.2763
3	-0.6436	-0.8283
0	-2.8611	2.9560
1	1.0318	0.5783
2	1.7965	1.3146
3	-0.6436	-0.7440
0	-2.7471	3.0296
1	1.1784	0.6535
2	1.9632	1.4174
3	-0.3944	-0.7102
0	-2.7471	3.0864
1	1.1784	0.7225
2	1.9632	1.4634
3	-0.3944	-0.7286
0	-2.7371	-3.0956
1	1.1882	0.8253
2	1.9729	1.5877
3	-0.3849	-0.7041
0	-2.6016	-3.0127
1	1.2953	0.8928
2	2.0721	1.6920
3	-0.2999	-0.6335
0	-2.6016	-2.9238
1	1.2953	0.9587
2	2.0721	1.7702
3	-0.2999	-0.5936
0	-2.6016	-2.8731
1	1.2953	1.0446
2	2.0721	1.8331
3	-0.2999	-0.5154
0	-2.6016	-2.7949
1	1.2953	1.1198
2	2.0721	1.8975
3	-0.2999	-0.4633
0	-2.4210	-2.7443
1	1.4445	1.1704
2	2.2216	1.9405
3	-0.1455	-0.4418
0	-2.4210	-2.6875
1	1.4445	1.2211
2	2.2216	1.9957
3	-0.1455	-0.3896
0	-2.2877	-2.6645
1	1.5279	1.2395
2	2.3079	2.0249
3	-0.0543	-0.3804
0	-1.8657	-2.6216
1	1.6345	1.2885
2	2.4761	2.0632
3	0.1635	-0.3129
0	-1.8657	-2.5663
1	1.6345	1.3177
2	2.4761	2.1000
3	0.1635	-0.2899
0	-2.0867	-2.4850
1	1.8884	1.3637
2	2.6589	2.1844
3	0.2949	-0.2178
0	-2.0867	-2.3040
1	1.8884	1.4573
2	2.6589	2.2672
3	0.2949	-0.1396
0	-1.8531	-2.1829
1	2.2059	1.4895
2	2.9120	2.3286
3	0.5360	-0.0475
0	-1.8531	-2.1062
1	2.2059	1.6138
2	2.9120	2.4068
3	0.5360	0.0537
0	-1.7490	-2.0571
1	2.8101	1.7104
2	3.0917	2.4697
3	0.6778	0.1012
0	-1.6364	-2.0172
1	0.0525	1.7825
2	0.0032	2.6016
3	0.7552	0.1979
0	-1.6364	-1.9466
1	0.0525	1.9712
2	0.0032	2.7581
3	0.7552	0.2792
0	-1.4155	-1.8899
1	2.7054	2.1062
2	0.0944	2.8348
3	0.9143	0.4510
0	-1.2640	-1.7871
1	2.6435	2.4314
2	0.3252	2.9498
3	1.0984	0.5384
0	-1.2640	-1.7518
1	2.6435	2.5495
2	0.3252	2.9775
3	1.0984	0.5891
0	-1.1422	-1.6414
1	2.7810	2.6967
2	0.4349	3.0557
3	1.2157	0.6719
0	-1.1422	-1.5294
1	2.7810	2.7121
2	-2.7067	-3.1171
3	1.2157	0.7563
0	-1.1194	-1.4573
1	2.8001	2.7090
2	-2.6761	-3.0265
3	1.2404	0.8682
0	-0.9783	-1.3284
1	2.8953	2.7090
2	-2.3207	-2.9744
3	1.4144	0.9787
0	-0.9783	-1.2517
1	2.8953	2.7152
2	-2.3207	-2.8885
3	1.4144	1.0723
0	-0.9426	-1.2042
1	2.9307	2.7351
2	-2.2206	-2.8072
3	1.4532	1.1536
0	-0.9426	-1.1413
1	2.9307	2.7596
2	-2.2206	-2.7213
3	1.4532	1.2119
0	-0.8763	-1.0830
1	2.9939	2.7750
2	-1.9055	-2.5848
3	1.5277	1.2885
0	-0.8245	-1.0216
1	3.0504	2.8041
2	-1.4616	-2.5111
3	1.5801	1.3484
0	-0.8245	-0.9833
1	3.0504	2.8379
2	-1.4616	-2.3899
3	1.5801	1.4005
0	-0.7590	-0.9618
1	3.1195	2.8655
2	2.8495	-2.2519
3	1.6481	1.4358
0	-0.7590	-0.9495
1	3.1195	2.8824
2	2.8495	-2.1798
3	1.6481	1.4818
0	-0.6617	-0.8912
1	-3.0927	2.9637
2	-2.8648	-1.9144
3	1.7885	1.5156
0	-0.6324	-0.8606
1	-3.0469	2.9974
2	-2.6379	-2.0402
3	1.8017	1.5693
0	-0.6324	-0.8299
1	-3.0469	3.0265
2	-2.6379	-2.3409
3	1.8017	1.5831
0	-0.4954	-0.8360
1	-2.8617	3.0434
2	-2.1108	-2.5633
3	1.8794	1.6092
0	-0.4390	-0.7931
1	-2.7977	3.0726
2	-2.0191	-2.6154
3	1.9224	1.6260
0	-0.4390	-0.7225
1	-2.7977	3.1078
2	-2.0191	-2.6584
3	1.9224	1.6490
0	-0.3439	-0.6872
1	-2.7025	-3.1186
2	-1.9224	-2.5832
3	2.0192	1.7196
0	-0.3439	-0.5967
1	-2.7025	-3.0787
2	-1.9224	-2.5127
3	2.0192	1.7579
0	-0.3031	-0.5446
1	-2.6661	-3.0081
2	-1.8936	-2.3301
3	2.0743	1.8254
Warning at edu.wpi.first.wpilibj.DriverStation.reportJoystickUnpluggedWarning(DriverStation.java:1489): Joystick axis 1 on port 0 not available, check if controller is plugged in
0	-0.3031	-0.4817
1	-2.6661	-2.9176
2	-1.8936	-2.2319
3	2.0743	1.8715
0	-0.2244	-0.4264
1	-2.6016	-2.8486
2	-1.8506	-2.0924
3	2.2173	1.9190
0	-0.0583	-0.3789
1	-2.4708	-2.8256
2	-1.7553	-2.0387
3	2.7660	1.9666
0	-0.0583	-0.3283
1	-2.4708	-2.7612
2	-1.7553	-1.9666
3	2.7660	1.9926
0	0.0055	-0.3068
1	-2.4030	-2.7243
2	-1.6747	-1.9344
3	-3.0835	2.0325
0	0.0800	-0.2853
1	-2.3250	-2.6814
2	-1.5856	-1.8807
3	1.3772	2.1997
0	0.0800	-0.2393
1	-2.3250	-2.6124
2	-1.5856	-1.8515
3	1.3772	2.3470
0	0.1886	-0.1595
1	-2.1695	-2.5648
2	-1.3853	-1.7917
3	2.5350	2.5495
0	0.1886	-0.1012
1	-2.1695	-2.5142
2	-1.3853	-1.7441
3	2.5350	2.5127
0	0.3714	-0.0552
1	-1.9873	-2.4620
2	-1.2029	-1.7027
3	2.7212	2.3577
0	0.3714	-0.0015
1	-1.9873	-2.3991
2	-1.2029	-1.6582
3	2.7212	2.3455
0	0.3944	0.0414
1	-1.9632	-2.3639
2	-1.1784	-1.6030
3	2.7471	2.3992
0	0.5310	0.1273
1	-1.8561	-2.2718
2	-1.0800	-1.5294
3	2.8297	2.4774
0	0.5310	0.1918
1	-1.8561	-2.1967
2	-1.0800	-1.4696
3	2.8297	2.5372
0	0.6046	0.2178
1	-1.7937	-2.1675
2	-1.0182	-1.4281
3	2.8929	2.6093
0	0.6849	0.3421
1	-1.7176	-2.0509
2	-0.9394	-1.3116
3	2.9779	2.7412
0	0.6849	0.4111
1	-1.7176	-1.9865
2	-0.9394	-1.2548
3	2.9779	2.8072
0	0.9165	0.4694
1	-1.6250	-1.9405
2	-0.8519	-1.1888
3	3.0610	2.8532
0	1.3928	0.5216
1	-1.5408	-1.8745
2	-0.6962	-1.1444
3	0.1383	2.9100
0	1.3928	0.5691
1	-1.5408	-1.8239
2	-0.6962	-1.0845
3	0.1383	2.9575
0	1.0960	0.6627
1	-1.4353	-1.7656
2	-0.6197	-1.0232
3	0.1871	3.0189
0	1.2011	0.8728
1	-1.3243	-1.7089
2	-0.4843	-0.9388
3	0.3292	3.0879
0	1.2011	1.0078
1	-1.3243	-1.6536
2	-0.4843	-0.8897
3	-2.8124	-3.1324
0	1.1557	1.0416
1	-1.1952	-1.5984
2	-0.4119	-0.7977
3	-2.7690	-3.0756
0	1.1557	1.0753
1	-1.1952	-1.5386
2	-0.4119	-0.7133
3	-2.7690	-2.9974
0	1.1763	1.1060
1	-1.1763	-1.4987
2	-0.3924	-0.6704
3	-2.7492	-2.9682
0	1.2379	1.1398
1	-1.0942	-1.3867
2	-0.3208	-0.5415
3	-2.6811	-2.8455
0	1.2379	1.1612
1	-1.0942	-1.3162
2	-0.3208	-0.4970
3	-2.6811	-2.7765
0	1.2837	1.1812
1	-1.0186	-1.2410
2	-0.2637	-0.4403
3	-2.6284	-2.7412
0	0.4191	1.1888
1	-2.5971	-1.1965
2	0.6246	-0.4142
3	-2.6540	-2.7105
0	0.4191	1.2072
1	-2.5971	-1.1535
2	0.6246	-0.3881
3	-2.6540	-2.6768
0	1.7712	1.1781
1	-1.2412	-1.1842
2	1.2412	-0.2838
3	-1.7712	-2.6522
