0	3.1255	-2.2273	0.3762	-0.0061	0.0004
1	-0.0165	0.8590	0.3762	-0.0061	0.0004
2	-0.0165	0.9296	0.3762	-0.0061	0.0004
Warning at edu.wpi.first.wpilibj.IterativeRobotBase.printLoopOverrunMessage(IterativeRobotBase.java:359): Loop time of 0.02s overrun

3	3.1255	-2.2304	0.3762	-0.0061	0.0004
CommandScheduler loop overrun
Warning at edu.wpi.first.wpilibj.Tracer.lambda$printEpochs$0(Tracer.java:63): 	PassthroughRosCommand.execute(): 0.047807s
	buttons.run(): 0.000158s
	SwerveJoystick.periodic(): 0.000315s
	Navigation.periodic(): 0.000262s
	DriveSubsystem.periodic(): 0.002041s

Warning at edu.wpi.first.wpilibj.Tracer.lambda$printEpochs$0(Tracer.java:63): 	teleopPeriodic(): 0.000541s
	SmartDashboard.updateValues(): 0.000020s
	robotPeriodic(): 0.067173s
	LiveWindow.updateValues(): 0.004426s
	Shuffleboard.update(): 0.000012s

Warning at edu.wpi.first.wpilibj.DriverStation.reportJoystickUnpluggedWarning(DriverStation.java:1489): Joystick axis 1 on port 0 not available, check if controller is plugged in
0	2.6788	-3.0112	0.4480	-0.0651	-2.0500
1	0.3176	0.1994	0.4480	-0.0651	-2.0500
2	1.0881	0.2224	0.4480	-0.0651	-2.0500
3	1.9032	-2.8762	0.4480	-0.0651	-2.0500
CommandScheduler loop overrun
0	2.7284	2.9406	0.4480	-0.0187	-2.0500
1	0.3713	-0.0644	0.4480	-0.0187	-2.0500
2	1.1542	-0.0184	0.4480	-0.0187	-2.0500
3	1.9452	3.0127	0.4480	-0.0187	-2.0500
0	2.7492	2.6170	0.4480	0.0000	-2.0500
1	0.3924	0.2853	0.4480	0.0000	-2.0500
2	1.1763	1.0830	0.4480	0.0000	-2.0500
3	1.9652	1.8653	0.4480	0.0000	-2.0500
0	2.7492	2.6768	0.4480	0.0000	-2.0500
1	0.3924	0.4479	0.4480	0.0000	-2.0500
2	1.1763	1.2839	0.4480	0.0000	-2.0500
3	1.9652	1.8439	0.4480	0.0000	-2.0500
0	2.7492	2.7136	0.4480	0.0000	-2.0500
1	0.3924	0.4464	0.4480	0.0000	-2.0500
2	1.1763	1.2839	0.4480	0.0000	-2.0500
3	1.9652	1.8899	0.4480	0.0000	-2.0500
0	2.8244	2.7458	0.4480	0.0654	-2.0500
1	0.4632	0.4172	0.4480	0.0654	-2.0500
2	1.2387	1.1996	0.4480	0.0654	-2.0500
3	2.0541	2.0034	0.4480	0.0654	-2.0500
0	2.9160	2.7458	0.4480	0.1409	-2.0500
1	0.5391	0.4142	0.4480	0.1409	-2.0500
2	1.2904	1.1796	0.4480	0.1409	-2.0500
3	2.2147	2.0049	0.4480	0.1409	-2.0500
0	2.9573	2.8563	0.4480	0.1738	-2.0500
1	0.5702	0.4817	0.4480	0.1738	-2.0500
2	1.3084	1.2425	0.4480	0.1738	-2.0500
3	2.3168	2.0755	0.4480	0.1738	-2.0500
0	3.0542	2.9253	0.4304	0.2509	-2.0500
1	0.6496	0.5369	0.4304	0.2509	-2.0500
2	1.3724	1.2962	0.4304	0.2509	-2.0500
3	2.6206	2.1951	0.4304	0.2509	-2.0500
0	3.1081	2.9529	0.4032	0.2922	-2.0500
1	0.7020	0.5706	0.4032	0.2922	-2.0500
2	1.4290	1.3192	0.4032	0.2922	-2.0500
3	2.8707	2.2948	0.4032	0.2922	-2.0500
0	-3.0677	3.0066	0.3302	0.3642	-2.0500
1	0.8110	0.6151	0.3302	0.3642	-2.0500
2	1.5504	1.3484	0.3302	0.3642	-2.0500
3	1.2890	2.4835	0.3302	0.3642	-2.0500
0	-3.0239	3.0511	0.2958	0.3887	-2.0500
1	0.8558	0.6443	0.2958	0.3887	-2.0500
2	1.5999	1.3729	0.2958	0.3887	-2.0500
3	1.8470	2.5863	0.2958	0.3887	-2.0500
0	-2.9861	3.0879	0.2682	0.4080	-2.0500
1	0.8918	0.6734	0.2682	0.4080	-2.0500
2	1.6371	1.3990	0.2682	0.4080	-2.0500
3	2.0542	2.6921	0.2682	0.4080	-2.0500
0	-2.9501	-3.1293	0.2420	0.4245	-2.0500
1	0.9250	0.7440	0.2420	0.4245	-2.0500
2	1.6708	1.4557	0.2420	0.4245	-2.0500
3	2.1727	2.3025	0.2420	0.4245	-2.0500
0	-2.9278	-3.0833	0.2205	0.4329	-2.0500
1	0.9491	0.7869	0.2205	0.4329	-2.0500
2	1.6980	1.5278	0.2205	0.4329	-2.0500
3	2.2590	2.1276	0.2205	0.4329	-2.0500
0	-2.9278	-3.0357	0.2205	0.4329	-2.0500
1	0.9491	0.8345	0.2205	0.4329	-2.0500
2	1.6980	1.5923	0.2205	0.4329	-2.0500
3	2.2590	2.0663	0.2205	0.4329	-2.0500
0	-2.9080	-2.9821	0.2003	0.4392	-2.0500
1	0.9711	0.8820	0.2003	0.4392	-2.0500
2	1.7232	1.6383	0.2003	0.4392	-2.0500
3	2.3273	2.1062	0.2003	0.4392	-2.0500
0	-2.8742	-2.9468	0.1644	0.4480	-2.0500
1	1.0094	0.9219	0.1644	0.4480	-2.0500
2	1.7670	1.6705	0.1644	0.4480	-2.0500
3	2.4275	2.1583	0.1644	0.4480	-2.0500
0	-2.8567	-2.9146	0.1332	0.4480	-2.0500
1	1.0391	0.9449	0.1332	0.4480	-2.0500
2	1.8059	1.6874	0.1332	0.4480	-2.0500
3	2.5181	2.1921	0.1332	0.4480	-2.0500
Warning at edu.wpi.first.wpilibj.DriverStation.reportJoystickUnpluggedWarning(DriverStation.java:1489): Joystick axis 1 on port 0 not available, check if controller is plugged in
0	-2.8318	-2.8992	0.0951	0.4480	-2.0500
1	1.0770	0.9557	0.0951	0.4480	-2.0500
2	1.8526	1.7119	0.0951	0.4480	-2.0500
3	2.6047	2.2365	0.0951	0.4480	-2.0500
0	-2.7970	-2.8823	0.0505	0.4480	-2.0500
1	1.1233	0.9741	0.0505	0.4480	-2.0500
2	1.9055	1.7365	0.0505	0.4480	-2.0500
3	2.6817	2.3240	0.0505	0.4480	-2.0500
0	-2.7632	-2.8563	0.0149	0.4480	-2.0500
1	1.1618	1.0354	0.0149	0.4480	-2.0500
2	1.9464	1.8055	0.0149	0.4480	-2.0500
3	2.7297	2.5019	0.0149	0.4480	-2.0500
0	-2.7471	-2.8348	0.0000	0.4480	-2.0500
1	1.1784	1.0799	0.0000	0.4480	-2.0500
2	1.9632	1.8423	0.0000	0.4480	-2.0500
3	2.7471	2.5924	0.0000	0.4480	-2.0500
0	-2.7153	-2.8087	-0.0264	0.4480	-2.0500
1	1.2082	1.1045	-0.0264	0.4480	-2.0500
2	1.9923	1.8807	-0.0264	0.4480	-2.0500
3	2.7748	2.7228	-0.0264	0.4480	-2.0500
0	-2.6626	-2.7811	-0.0628	0.4480	-2.0500
1	1.2505	1.1275	-0.0628	0.4480	-2.0500
2	2.0312	1.9052	-0.0628	0.4480	-2.0500
3	2.8073	2.7550	-0.0628	0.4480	-2.0500
0	-2.5740	-2.7428	-0.1135	0.4456	-2.0500
1	1.3107	1.1735	-0.1135	0.4456	-2.0500
2	2.0844	1.9574	-0.1135	0.4456	-2.0500
3	2.8494	2.7842	-0.1135	0.4456	-2.0500
0	-2.4064	-2.6814	-0.2061	0.4161	-2.0500
1	1.4214	1.2349	-0.2061	0.4161	-2.0500
2	2.1904	2.0080	-0.2061	0.4161	-2.0500
3	2.9530	2.8057	-0.2061	0.4161	-2.0500
0	-2.2864	-2.5663	-0.2587	0.3827	-2.0500
1	1.4885	1.3070	-0.2587	0.3827	-2.0500
2	2.2592	2.0785	-0.2587	0.3827	-2.0500
3	3.0267	2.8501	-0.2587	0.3827	-2.0500
Warning at edu.wpi.first.wpilibj.IterativeRobotBase.printLoopOverrunMessage(IterativeRobotBase.java:359): Loop time of 0.02s overrun

CommandScheduler loop overrun
Warning at edu.wpi.first.wpilibj.Tracer.lambda$printEpochs$0(Tracer.java:63): 	PassthroughRosCommand.execute(): 0.014453s
	buttons.run(): 0.000652s
	SwerveJoystick.periodic(): 0.000730s
	Navigation.periodic(): 0.000649s
	DriveSubsystem.periodic(): 0.004180s

Warning at edu.wpi.first.wpilibj.Tracer.lambda$printEpochs$0(Tracer.java:63): 	teleopPeriodic(): 0.000219s
	SmartDashboard.updateValues(): 0.000019s
	robotPeriodic(): 0.038309s
	LiveWindow.updateValues(): 0.004685s
	Shuffleboard.update(): 0.000010s

0	-2.3140	-2.2979	-0.3689	0.2591	-2.0500
1	1.6620	1.5064	-0.3689	0.2591	-2.0500
2	2.4431	2.2534	-0.3689	0.2591	-2.0500
3	0.0833	3.0603	-0.3689	0.2591	-2.0500
CommandScheduler loop overrun
0	-2.0811	-2.2580	-0.4480	0.0811	-2.0500
1	1.8907	1.6107	-0.4480	0.0811	-2.0500
2	2.6621	2.3884	-0.4480	0.0811	-2.0500
3	-2.8430	-3.1385	-0.4480	0.0811	-2.0500
CommandScheduler loop overrun
0	-1.8628	-2.1491	-0.4403	-0.0961	-2.0500
1	2.0836	1.8392	-0.4403	-0.0961	-2.0500
2	2.8584	2.6154	-0.4403	-0.0961	-2.0500
3	-2.6425	-2.8946	-0.4403	-0.0961	-2.0500
CommandScheduler loop overrun
0	-1.7721	-1.9758	-0.4169	-0.1764	-2.0500
1	2.1937	1.9850	-0.4169	-0.1764	-2.0500
2	2.9530	2.7673	-0.4169	-0.1764	-2.0500
3	-2.5499	-2.7029	-0.4169	-0.1764	-2.0500
CommandScheduler loop overrun
0	-1.6692	-1.8040	-0.3725	-0.2523	-2.0500
1	2.2904	2.1031	-0.3725	-0.2523	-2.0500
2	3.0489	2.8900	-0.3725	-0.2523	-2.0500
3	-2.4515	-2.5940	-0.3725	-0.2523	-2.0500
CommandScheduler loop overrun
Warning at edu.wpi.first.wpilibj.DriverStation.reportJoystickUnpluggedWarning(DriverStation.java:1489): Joystick axis 1 on port 0 not available, check if controller is plugged in
0	-1.5705	-1.7012	-0.3162	-0.3213	-2.0500
1	1.6047	2.2458	-0.3162	-0.3213	-2.0500
2	0.0079	3.0066	-0.3162	-0.3213	-2.0500
3	-2.3521	-2.4973	-0.3162	-0.3213	-2.0500
CommandScheduler loop overrun
0	-1.5019	-1.6245	-0.2696	-0.3611	-2.0500
1	2.3777	2.2074	-0.2696	-0.3611	-2.0500
2	0.0763	3.0848	-0.2696	-0.3611	-2.0500
3	-2.2839	-2.3945	-0.2696	-0.3611	-2.0500
CommandScheduler loop overrun
0	-1.4073	-1.5340	-0.1963	-0.4113	-2.0500
1	2.4723	1.7871	-0.1963	-0.4113	-2.0500
2	-2.9585	-3.0956	-0.1963	-0.4113	-2.0500
3	-2.1846	-2.2933	-0.1963	-0.4113	-2.0500
CommandScheduler loop overrun
Warning at edu.wpi.first.wpilibj.IterativeRobotBase.printLoopOverrunMessage(IterativeRobotBase.java:359): Loop time of 0.02s overrun

0	-1.2663	-1.4742	-0.0761	-0.4480	-2.0500
1	2.6402	2.2596	-0.0761	-0.4480	-2.0500
2	-2.8178	-3.0189	-0.0761	-0.4480	-2.0500
3	-2.0451	-2.2304	-0.0761	-0.4480	-2.0500
CommandScheduler loop overrun
Warning at edu.wpi.first.wpilibj.Tracer.lambda$printEpochs$0(Tracer.java:63): 	PassthroughRosCommand.execute(): 0.027888s
	buttons.run(): 0.000043s
	SwerveJoystick.periodic(): 0.000649s
	Navigation.periodic(): 0.000213s
	DriveSubsystem.periodic(): 0.002131s

Warning at edu.wpi.first.wpilibj.Tracer.lambda$printEpochs$0(Tracer.java:63): 	teleopPeriodic(): 0.020670s
	SmartDashboard.updateValues(): 0.000020s
	robotPeriodic(): 0.047631s
	LiveWindow.updateValues(): 0.004526s
	Shuffleboard.update(): 0.000013s

0	-0.9494	-1.2487	0.2222	-0.4357	-2.0500
1	2.9234	2.7198	0.2222	-0.4357	-2.0500
2	-2.2385	-2.8133	0.2222	-0.4357	-2.0500
3	-1.6953	-2.0218	0.2222	-0.4357	-2.0500
CommandScheduler loop overrun
0	-0.8448	-1.2011	0.3126	-0.3922	-2.0500
1	3.0216	2.7029	0.3126	-0.3922	-2.0500
2	-1.6195	-2.7382	0.3126	-0.3922	-2.0500
3	-1.5760	-1.9727	0.3126	-0.3922	-2.0500
0	-0.8150	-1.0769	0.3357	-0.3754	-2.0500
1	3.0512	2.7673	0.3357	-0.3754	-2.0500
2	-1.2546	-2.5249	0.3357	-0.3754	-2.0500
3	-1.5429	-1.8561	0.3357	-0.3754	-2.0500
0	-0.7832	-1.0262	0.3571	-0.3541	-2.0500
1	3.0856	2.8072	0.3571	-0.3541	-2.0500
2	2.3943	-2.4237	0.3571	-0.3541	-2.0500
3	-1.5101	-1.7702	0.3571	-0.3541	-2.0500
0	-0.7540	-0.9004	0.3781	-0.3358	-2.0500
1	3.1135	2.9008	0.3781	-0.3358	-2.0500
2	2.8358	-1.9236	0.3781	-0.3358	-2.0500
3	-1.4763	-1.6460	0.3781	-0.3358	-2.0500
0	-0.7218	-0.8375	0.3968	-0.3114	-2.0500
1	-3.1346	2.9667	0.3968	-0.3114	-2.0500
2	-3.0800	-1.5647	0.3968	-0.3114	-2.0500
3	-1.4433	-1.5723	0.3968	-0.3114	-2.0500
0	-0.6972	-0.8038	0.4125	-0.2941	-2.0500
1	-3.1111	3.0112	0.4125	-0.2941	-2.0500
2	0.2276	-1.1305	0.4125	-0.2941	-2.0500
3	-1.4146	-1.5309	0.4125	-0.2941	-2.0500
0	-0.6666	-0.7731	0.4302	-0.2710	-2.0500
1	-3.0810	3.0465	0.4302	-0.2710	-2.0500
2	0.3786	-0.6427	0.4302	-0.2710	-2.0500
3	-1.3793	-1.5002	0.4302	-0.2710	-2.0500
0	-0.6373	-0.7486	0.4480	-0.2496	-2.0500
1	-3.0545	3.0833	0.4480	-0.2496	-2.0500
2	0.4691	-0.2086	0.4480	-0.2496	-2.0500
3	-1.3422	-1.4649	0.4480	-0.2496	-2.0500
CommandScheduler loop overrun
0	-0.5794	-0.6657	0.4480	-0.1837	-2.0500
1	-2.9698	-3.1309	0.4480	-0.1837	-2.0500
2	0.7889	0.2654	0.4480	-0.1837	-2.0500
3	-1.3133	-1.3514	0.4480	-0.1837	-2.0500
CommandScheduler loop overrun
0	-0.5173	-0.6075	0.4480	-0.1186	-2.0500
1	-2.8884	-3.0772	0.4480	-0.1186	-2.0500
2	0.9834	0.5369	0.4480	-0.1186	-2.0500
3	-1.2768	-1.2870	0.4480	-0.1186	-2.0500
Warning at edu.wpi.first.wpilibj.DriverStation.reportJoystickUnpluggedWarning(DriverStation.java:1489): Joystick axis 1 on port 0 not available, check if controller is plugged in
0	-0.4280	-0.5722	-0.0500	0.0000	0.2719
1	-2.7135	-3.0158	-0.0500	0.0000	0.2719
2	1.3813	0.6872	-0.0500	0.0000	0.2719
3	-1.3813	-1.2655	-0.0500	0.0000	0.2719
