0	0.0000	-1.5754	4.4800	0.0000	0.0000
1	0.0000	1.5846	4.4800	0.0000	0.0000
2	0.0000	-1.5907	4.4800	0.0000	0.0000
3	0.0000	1.5938	4.4800	0.0000	0.0000
0	0.0000	-1.5754	4.4800	0.0000	0.0000
1	0.0000	1.5846	4.4800	0.0000	0.0000
2	0.0000	-1.5923	4.4800	0.0000	0.0000
3	0.0000	1.5938	4.4800	0.0000	0.0000
0	-0.0583	-1.5953	4.4800	-0.2613	-0.0010
1	-0.0582	1.5662	4.4800	-0.2613	-0.0010
2	-0.0582	-1.5877	4.4800	-0.2613	-0.0010
3	-0.0583	1.5877	4.4800	-0.2613	-0.0010
0	-0.1132	-1.6214	4.4800	-0.5096	0.0024
1	-0.1133	1.6444	4.4800	-0.5096	0.0024
2	-0.1133	-1.5907	4.4800	-0.5096	0.0024
3	-0.1132	1.5585	4.4800	-0.5096	0.0024
0	-0.1131	-1.6306	4.4800	-0.5096	0.0058
1	-0.1135	1.6705	4.4800	-0.5096	0.0058
2	-0.1134	-1.6414	4.4800	-0.5096	0.0058
3	-0.1130	1.5907	4.4800	-0.5096	0.0058
0	-0.1419	-1.4788	4.4800	-0.6410	0.0075
1	-0.1424	1.7150	4.4800	-0.6410	0.0075
2	-0.1423	-1.6782	4.4800	-0.6410	0.0075
3	-0.1418	1.6153	4.4800	-0.6410	0.0075
0	-0.1914	-1.3729	4.4800	-0.8695	0.0115
1	-0.1922	1.7641	4.4800	-0.8695	0.0115
2	-0.1920	-1.6751	4.4800	-0.8695	0.0115
3	-0.1912	1.6628	4.4800	-0.8695	0.0115
0	-0.1958	-1.3100	4.4800	-0.8924	0.0291
1	-0.1978	1.7994	4.4800	-0.8924	0.0291
2	-0.1974	-1.6398	4.4800	-0.8924	0.0291
3	-0.1955	1.7718	4.4800	-0.8924	0.0291
0	-0.2013	-1.3008	4.4800	-0.9144	0.0017
1	-0.2014	1.7978	4.4800	-0.9144	0.0017
2	-0.2014	-1.5815	4.4800	-0.9144	0.0017
3	-0.2013	1.8101	4.4800	-0.9144	0.0017
0	-0.2020	-1.2395	4.4800	-0.9206	0.0272
1	-0.2038	1.8285	4.4800	-0.9206	0.0272
2	-0.2034	-1.3883	4.4800	-0.9206	0.0272
3	-0.2016	1.9236	4.4800	-0.9206	0.0272
0	-0.2018	-1.1674	4.4800	-0.9206	0.0338
1	-0.2040	1.8837	4.4800	-0.9206	0.0338
2	-0.2036	-1.3054	4.4800	-0.9206	0.0338
3	-0.2013	1.9773	4.4800	-0.9206	0.0338
Warning at edu.wpi.first.wpilibj.DriverStation.reportJoystickUnpluggedWarning(DriverStation.java:1489): Joystick axis 1 on port 0 not available, check if controller is plugged in
0	-0.2023	-1.1198	4.4800	-0.9206	0.0157
1	-0.2033	1.9344	4.4800	-0.9206	0.0157
2	-0.2031	-1.1965	4.4800	-0.9206	0.0157
3	-0.2020	2.0448	4.4800	-0.9206	0.0157
0	-0.1894	-1.0707	4.4800	-0.8599	0.0094
1	-0.1900	1.9451	4.4800	-0.8599	0.0094
2	-0.1899	-1.1413	4.4800	-0.8599	0.0094
3	-0.1893	2.0908	4.4800	-0.8599	0.0094
0	-0.1655	-1.0400	4.4800	-0.7489	0.0041
1	-0.1658	1.9589	4.4800	-0.7489	0.0041
2	-0.1657	-1.0922	4.4800	-0.7489	0.0041
3	-0.1655	2.0970	4.4800	-0.7489	0.0041
0	-0.1483	-1.0216	4.4800	-0.6693	0.0003
1	-0.1483	1.9742	4.4800	-0.6693	0.0003
2	-0.1483	-1.0692	4.4800	-0.6693	0.0003
3	-0.1483	2.1215	4.4800	-0.6693	0.0003
0	-0.1326	-1.0078	4.4800	-0.5959	-0.0121
1	-0.1318	1.9850	4.4800	-0.5959	-0.0121
2	-0.1319	-1.0462	4.4800	-0.5959	-0.0121
3	-0.1327	2.1368	4.4800	-0.5959	-0.0121
0	-0.1335	-1.0017	4.4800	-0.5959	-0.0431
1	-0.1306	2.0018	4.4800	-0.5959	-0.0431
2	-0.1310	-1.0048	4.4800	-0.5959	-0.0431
3	-0.1339	2.1276	4.4800	-0.5959	-0.0431
0	-0.1520	-0.9741	3.1246	-0.4717	-0.0535
1	-0.1469	2.0203	3.1246	-0.4717	-0.0535
2	-0.1476	-0.9802	3.1246	-0.4717	-0.0535
3	-0.1528	2.1706	3.1246	-0.4717	-0.0535
0	-0.5577	-0.9173	0.4756	-0.2990	0.0408
1	-0.5767	2.1261	0.4756	-0.2990	0.0408
2	-0.5647	-0.9158	0.4756	-0.2990	0.0408
3	-0.5459	2.1752	0.4756	-0.2990	0.0408
0	-0.2548	-0.7885	0.2004	-0.0650	0.1121
1	-0.4224	2.3286	0.2004	-0.0650	0.1121
2	-0.3614	-0.7639	0.2004	-0.0650	0.1121
3	-0.2157	2.3761	0.2004	-0.0650	0.1121
0	0.0933	-0.5200	0.0839	0.0000	0.0465
1	-0.0933	2.5909	0.0839	0.0000	0.0465
2	-0.0787	-0.4755	0.0839	0.0000	0.0465
3	0.0787	2.5725	0.0839	0.0000	0.0465
0	0.7404	-0.4050	0.0500	0.0000	0.1547
1	-0.7404	2.6799	0.0500	0.0000	0.1547
2	-0.3126	-0.3912	0.0500	0.0000	0.1547
3	0.3126	2.7029	0.0500	0.0000	0.1547
0	-0.0190	-0.3037	0.0500	0.0000	-0.0063
1	0.0190	2.7428	0.0500	0.0000	-0.0063
2	0.0198	-0.3191	0.0500	0.0000	-0.0063
3	-0.0198	2.8302	0.0500	0.0000	-0.0063
0	0.1722	-0.0644	0.0500	0.0000	0.0480
1	-0.1722	2.7474	0.0500	0.0000	0.0480
2	-0.1283	-0.2608	0.0500	0.0000	0.0480
3	0.1283	2.9851	0.0500	0.0000	0.0480
0	0.5884	0.1212	0.0500	0.0000	0.1297
1	-0.5884	2.7412	0.0500	0.0000	0.1297
2	-0.2784	-0.2255	0.0500	0.0000	0.1297
3	0.2784	-3.1293	0.0500	0.0000	0.1297
0	0.0060	0.1611	0.0500	0.0000	0.0019
1	-0.0060	2.7719	0.0500	0.0000	0.0019
2	-0.0059	-0.1994	0.0500	0.0000	0.0019
3	0.0059	-3.1216	0.0500	0.0000	0.0019
0	0.2118	0.2531	0.0500	0.0000	0.0573
1	-0.2118	2.7980	0.0500	0.0000	0.0573
2	-0.1492	-0.1534	0.0500	0.0000	0.0573
3	0.1492	-3.0311	0.0500	0.0000	0.0573
0	0.0057	0.2685	0.0500	0.0000	0.0018
1	-0.0057	2.8256	0.0500	0.0000	0.0018
2	-0.0056	-0.1519	0.0500	0.0000	0.0018
3	0.0056	-3.0005	0.0500	0.0000	0.0018
